[gd_scene load_steps=4 format=3 uid="uid://x8lvaeuwy33l"]

[ext_resource type="PackedScene" uid="uid://ct5ri4qims1rr" path="res://Scenes/Wall.tscn" id="1_a8j5a"]
[ext_resource type="PackedScene" uid="uid://bhqah4x5irakk" path="res://Scenes/Box1.tscn" id="2_3qe5u"]
[ext_resource type="PackedScene" uid="uid://d3ebr50ocjpkj" path="res://Scenes/TripleWall.tscn" id="2_l6lkx"]

[node name="Environment" type="Node3D"]
transform = Transform3D(0.146774, 0, -0.98917, 0, 1, 0, 0.98917, 0, 0.146774, 0, 0, 0)

[node name="Wall" parent="." instance=ExtResource("1_a8j5a")]
transform = Transform3D(0.861612, 0, 0.507569, 0, 1, 0, -0.507569, 0, 0.861612, -19.8024, 0, 8.49829)

[node name="Wall6" parent="Wall" instance=ExtResource("1_a8j5a")]
transform = Transform3D(0.238399, 0, 0.971168, 0, 1, 0, -0.971168, 0, 0.238399, -13.887, 0, 4.29394)

[node name="Wall4" parent="Wall" instance=ExtResource("1_a8j5a")]
transform = Transform3D(0.0459563, 0, 0.998943, 0, 1, 0, -0.998943, 0, 0.0459563, -4.86684, 0, 4.73912)

[node name="Wall3" parent="Wall" instance=ExtResource("1_a8j5a")]
transform = Transform3D(-0.45041, 0, -0.892821, 0, 1, 0, 0.892821, 0, -0.45041, -14.2857, 0, -7.53287)

[node name="Wall2" parent="Wall" instance=ExtResource("1_a8j5a")]
transform = Transform3D(-0.0406026, 0, -0.999175, 0, 1, 0, 0.999175, 0, -0.0406026, -4.91179, 0, -5.12561)

[node name="Wall" parent="Wall" instance=ExtResource("1_a8j5a")]
transform = Transform3D(1, 0, -1.78814e-07, 0, 1, 0, 0, 0, 1.3, -18.5867, 0, -3.43632)

[node name="Wall5" parent="Wall" instance=ExtResource("1_a8j5a")]
transform = Transform3D(-0.775474, 0, -0.63138, 0, 1, 0, 0.63138, 0, -0.775474, 18.8818, 0, 23.8895)

[node name="TripleWall" parent="Wall/Wall5" instance=ExtResource("2_l6lkx")]
transform = Transform3D(0.130094, 0, 0.991501, 0, 1, 0, -0.991501, 0, 0.130094, -14.9291, 0, 3.02924)

[node name="Wall3" parent="Wall/Wall5" instance=ExtResource("1_a8j5a")]
transform = Transform3D(-0.45041, 0, -0.892821, 0, 1, 0, 0.892821, 0, -0.45041, -14.883, 0, -7.51297)

[node name="Wall2" parent="Wall/Wall5" instance=ExtResource("1_a8j5a")]
transform = Transform3D(-0.0406026, 0, -1.09909, 0, 1, 0, 0.999175, 0, -0.0446629, -5.68578, 0, -5.06337)

[node name="Wall" parent="Wall/Wall5" instance=ExtResource("1_a8j5a")]
transform = Transform3D(0.732666, 0.00495062, -0.884741, 0.00198397, 0.999954, 0.0122327, 0.680585, -0.00824442, 0.952409, -25.1037, 0, -3.79071)

[node name="WallAround" parent="." instance=ExtResource("1_a8j5a")]
transform = Transform3D(0.881402, 0, -0.472366, 0, 1, 0, 0.472366, 0, 0.881402, 51.8812, 0, 3.34838)

[node name="TripleWall" parent="WallAround" instance=ExtResource("2_l6lkx")]
transform = Transform3D(0.929783, 0, 0.368108, 0, 1, 0, -0.368108, 0, 0.929783, -5.62073, 0, -19.0904)

[node name="Wall13" parent="WallAround" instance=ExtResource("1_a8j5a")]
transform = Transform3D(-0.250057, 0, 0.968236, 0, 1, 0, -0.968235, 0, -0.250057, -13.6826, 0, 83.9479)

[node name="Wall22" parent="WallAround" instance=ExtResource("1_a8j5a")]
transform = Transform3D(-0.999344, 0, 0.0363331, 0, 1, 0, -0.036333, 0, -0.999344, -8.91888, 0, 77.7831)

[node name="Wall23" parent="WallAround" instance=ExtResource("1_a8j5a")]
transform = Transform3D(-0.992336, 0, 0.123602, 0, 1, 0, -0.123602, 0, -0.992337, -8.26345, 0, 70.4331)

[node name="Wall12" parent="WallAround" instance=ExtResource("1_a8j5a")]
transform = Transform3D(-0.596281, 0, 0.802778, 0, 1, 0, -0.802777, 0, -0.596281, -12.8829, 0, 27.0335)

[node name="Wall14" parent="WallAround" instance=ExtResource("1_a8j5a")]
transform = Transform3D(-0.594833, 0.00463504, 0.803841, 0.0131355, 0.999906, 0.00395456, -0.803746, 0.0129111, -0.59484, -22.4305, 0, 87.8869)

[node name="Wall11" parent="WallAround" instance=ExtResource("1_a8j5a")]
transform = Transform3D(0.920936, 0, 0.389718, 0, 1, 0, -0.389718, 0, 0.920937, -14.9976, 0, 34.7565)

[node name="Wall10" parent="WallAround" instance=ExtResource("1_a8j5a")]
transform = Transform3D(-0.639158, 0, -0.769077, 0, 1, 0, 0.769076, 0, -0.639158, -12.6822, 0, 20.7942)

[node name="Wall9" parent="WallAround" instance=ExtResource("1_a8j5a")]
transform = Transform3D(0.81514, 0, -0.493071, 0, 1, 0, 0.246536, 0, 0.15757, -13.6895, 0, 16.8731)

[node name="Wall21" parent="WallAround" instance=ExtResource("1_a8j5a")]
transform = Transform3D(-0.214224, 0, -0.976785, 0, 1, 0, 0.976785, 0, -0.214224, -70.6122, 0, 94.4485)

[node name="Wall" parent="WallAround" instance=ExtResource("1_a8j5a")]
transform = Transform3D(0.659477, 0, -0.751725, 0, 1, 0, 0.751725, 0, 0.659477, -3.77038, 0, 8.0968)

[node name="Wall2" parent="WallAround" instance=ExtResource("1_a8j5a")]
transform = Transform3D(-0.00764439, 0, 0.999971, 0, 1, 0, -0.999971, 0, -0.00764439, -50.9953, 0, -45.1086)

[node name="Wall3" parent="WallAround" instance=ExtResource("1_a8j5a")]
transform = Transform3D(0.518424, 0, 0.855124, 0, 1, 0, -0.855124, 0, 0.518424, -15.4323, 0, -35.3576)

[node name="Wall18" parent="WallAround" instance=ExtResource("1_a8j5a")]
transform = Transform3D(-0.503669, 0, 0.863897, 0, 1, 0, -0.863897, 0, -0.503669, -103.203, 0, 9.34063)

[node name="TripleWall7" parent="WallAround" instance=ExtResource("2_l6lkx")]
transform = Transform3D(-0.11244, 0, 0.993658, 0, 1, 0, -0.993658, 0, -0.11244, -50.9244, 0, 93.7549)

[node name="TripleWall9" parent="WallAround" instance=ExtResource("2_l6lkx")]
transform = Transform3D(-0.982346, 0, -0.187073, 0, 1, 0, 0.187073, 0, -0.982346, -10.4134, 0, 53.2684)

[node name="TripleWall6" parent="WallAround" instance=ExtResource("2_l6lkx")]
transform = Transform3D(0.73177, 0, 0.681551, 0, 1, 0, -0.681551, 0, 0.73177, -95.1285, 0, 81.3212)

[node name="TripleWall4" parent="WallAround" instance=ExtResource("2_l6lkx")]
transform = Transform3D(0.713532, 0, -0.700623, 0, 1, 0, 0.700623, 0, 0.713532, -117.932, 0, 22.35)

[node name="Wall16" parent="WallAround" instance=ExtResource("1_a8j5a")]
transform = Transform3D(-0.185744, 0, 0.982598, 0, 1, 0, -0.982598, 0, -0.185744, -65.9987, 0, -4.98869)

[node name="TripleWall3" parent="WallAround" instance=ExtResource("2_l6lkx")]
transform = Transform3D(0.358368, 0, -0.93358, 0, 1, 0, 0.93358, 0, 0.358368, -84.9915, 0, 1.3947)

[node name="Wall19" parent="WallAround" instance=ExtResource("1_a8j5a")]
transform = Transform3D(-0.801422, 0, -0.598099, 0, 1, 0, 0.598099, 0, -0.801422, -125.675, 0, 36.6977)

[node name="Wall20" parent="WallAround" instance=ExtResource("1_a8j5a")]
transform = Transform3D(-0.140091, 0, -0.990139, 0, 1, 0, 0.990139, 0, -0.140091, -110.087, 0, 69.7785)

[node name="Wall17" parent="WallAround" instance=ExtResource("1_a8j5a")]
transform = Transform3D(-0.130652, 0, -0.991428, 0, 1, 0, 0.991428, 0, -0.130652, -80.3206, 0, 92.7219)

[node name="TripleWall5" parent="WallAround" instance=ExtResource("2_l6lkx")]
transform = Transform3D(0.963686, 0, 0.267036, 0, 1, 0, -0.267036, 0, 0.963686, -118.925, 0, 54.7733)

[node name="Wall15" parent="WallAround" instance=ExtResource("1_a8j5a")]
transform = Transform3D(0.17014, 0, -0.98542, 0, 1, 0, 0.98542, 0, 0.17014, -31.384, 0, 91.5184)

[node name="TripleWall2" parent="WallAround" instance=ExtResource("2_l6lkx")]
transform = Transform3D(0.999332, 0, -0.0365391, 0, 1, 0, 0.0365391, 0, 0.999332, -60.4941, 0, -20.8355)

[node name="Wall4" parent="WallAround" instance=ExtResource("1_a8j5a")]
transform = Transform3D(0.915136, 0, -0.403146, 0, 1, 0, 0.403146, 0, 0.915136, -57.9611, 0, -40.3816)

[node name="Wall5" parent="WallAround" instance=ExtResource("1_a8j5a")]
transform = Transform3D(-0.696589, 0, -0.71747, 0, 1, 0, 0.71747, 0, -0.69659, -23.0343, 0, -41.5813)

[node name="Wall6" parent="WallAround" instance=ExtResource("1_a8j5a")]
transform = Transform3D(0.269121, 0, 0.963107, 0, 1, 0, -0.963107, 0, 0.269122, -31.3802, 0, -46.0058)

[node name="Wall7" parent="WallAround" instance=ExtResource("1_a8j5a")]
transform = Transform3D(-0.24935, 0, 0.968415, 0, 1, 0, -0.968415, 0, -0.24935, -41.2166, 0, -46.3557)

[node name="Wall8" parent="WallAround" instance=ExtResource("1_a8j5a")]
transform = Transform3D(0.936355, 0, -0.351057, 0, 1, 0, 0.175529, 0, 0.468178, -9.37735, 0, 13.7501)

[node name="Box1" parent="." instance=ExtResource("2_3qe5u")]
transform = Transform3D(1, 0, 1.49012e-08, 0, 1, 0, -1.49012e-08, 0, 1, 24.6925, 0, 3.6639)

[node name="Box5" parent="Box1" instance=ExtResource("2_3qe5u")]
transform = Transform3D(1, 0, 2.98023e-08, 0, 1, 0, -2.98023e-08, 0, 1, -19.2784, 0, 16.5722)

[node name="Box1" parent="Box1" instance=ExtResource("2_3qe5u")]
transform = Transform3D(-0.0787549, 0, -0.996894, 0, 1, 0, 0.996894, 0, -0.0787549, -32.7142, 0, -12.7867)

[node name="Box17" parent="Box1" instance=ExtResource("2_3qe5u")]
transform = Transform3D(1, 0, 4.47035e-08, 0, 1, 0, -4.47035e-08, 0, 1, -9.82617, 0, -30.8995)

[node name="Box18" parent="Box1" instance=ExtResource("2_3qe5u")]
transform = Transform3D(1, 0, 5.96046e-08, 0, 1, 0, -5.96046e-08, 0, 1, -8.52321, 0, -33.0435)

[node name="Box19" parent="Box1" instance=ExtResource("2_3qe5u")]
transform = Transform3D(0.67664, -0.734751, -0.0479806, 0.73475, 0.66952, 0.109023, -0.0479807, -0.109023, 0.992881, -10.2417, 0.893591, -33.3231)

[node name="Box20" parent="Box1" instance=ExtResource("2_3qe5u")]
transform = Transform3D(0.0401667, 0, -0.999194, 0, 1, 0, 0.999194, 0, 0.0401667, -66.046, 0, 37.7865)

[node name="Box21" parent="Box1" instance=ExtResource("2_3qe5u")]
transform = Transform3D(0.657665, 0, -0.753312, 0, 1, 0, 0.753312, 0, 0.657665, -8.95322, 1.97141, -31.8794)

[node name="Box22" parent="Box1" instance=ExtResource("2_3qe5u")]
transform = Transform3D(0.0401667, 0, -0.999194, 0, 1, 0, 0.999194, 0, 0.0401667, -65.7641, 0, 35.393)

[node name="Box23" parent="Box1" instance=ExtResource("2_3qe5u")]
transform = Transform3D(0.0401667, 0, -0.999194, 0, 1, 0, 0.999194, 0, 0.0401667, -63.5695, 0, 36.6088)

[node name="Box24" parent="Box1" instance=ExtResource("2_3qe5u")]
transform = Transform3D(0.0751203, 0.0794225, -0.994007, 0.73475, 0.66952, 0.109023, 0.674167, -0.738537, -0.00806116, -63.3592, 0.893591, 34.8804)

[node name="Box25" parent="Box1" instance=ExtResource("2_3qe5u")]
transform = Transform3D(-0.726288, 0, -0.687392, 0, 1, 0, 0.687392, 0, -0.726288, -64.75, 1.97141, 36.2259)

[node name="Box2" parent="Box1" instance=ExtResource("2_3qe5u")]
transform = Transform3D(1, 0, 2.98023e-08, 0, 1, 0, -2.98023e-08, 0, 1, -7.44587, 0, -30.5217)

[node name="Box3" parent="Box1" instance=ExtResource("2_3qe5u")]
transform = Transform3D(0.463868, 0, 0.885905, 0, 1, 0, -0.885905, 0, 0.463868, -32.4335, 0, -15.0516)

[node name="Box4" parent="Box1" instance=ExtResource("2_3qe5u")]
transform = Transform3D(0.44171, 0, 0.897159, 0, 1, 0, -0.897159, 0, 0.44171, -16.8863, 0, 17.4957)

[node name="Box6" parent="Box1" instance=ExtResource("2_3qe5u")]
transform = Transform3D(1, 0, 2.98023e-08, 0, 1, 0, -2.98023e-08, 0, 1, -19.8535, 0, 19.2006)

[node name="Box7" parent="Box1" instance=ExtResource("2_3qe5u")]
transform = Transform3D(1, 0, 4.47035e-08, 0, 1, 0, -4.47035e-08, 0, 1, -49.4572, 0, 14.5985)

[node name="Box9" parent="Box1" instance=ExtResource("2_3qe5u")]
transform = Transform3D(0.949881, 0, 0.312617, 0, 1, 0, -0.312617, 0, 0.949881, -81.5558, 0, 13.0023)

[node name="Box10" parent="Box1" instance=ExtResource("2_3qe5u")]
transform = Transform3D(-0.521621, 0, 0.853179, 0, 1, 0, -0.853179, 0, -0.521621, -82.1107, 0, 10.7044)

[node name="Box11" parent="Box1" instance=ExtResource("2_3qe5u")]
transform = Transform3D(1, 0, 8.9407e-08, 0, 1, 0, -8.9407e-08, 0, 1, 22.0754, 0, -35.3751)

[node name="Box16" parent="Box1" instance=ExtResource("2_3qe5u")]
transform = Transform3D(-0.25685, 0.0155134, -0.96633, 0.0387312, 0.999233, 0.00574698, 0.965678, -0.0359508, -0.257254, -65.8986, 0, -10.9371)

[node name="Box15" parent="Box1" instance=ExtResource("2_3qe5u")]
transform = Transform3D(1, 0, 8.9407e-08, 0, 1, 0, -8.9407e-08, 0, 1, -63.7245, 0, -9.86511)

[node name="Box8" parent="Box1" instance=ExtResource("2_3qe5u")]
transform = Transform3D(1, 0, 5.96046e-08, 0, 1, 0, -5.96046e-08, 0, 1, -47.287, 0, 13.6612)

[node name="Box12" parent="Box1" instance=ExtResource("2_3qe5u")]
transform = Transform3D(0.390731, 0, 0.920505, 0, 1, 0, -0.920505, 0, 0.390731, -45.1002, -0.0642509, 46.1945)

[node name="Box13" parent="Box1" instance=ExtResource("2_3qe5u")]
transform = Transform3D(0.390731, 0, 0.920505, 0, 1, 0, -0.920505, 0, 0.390731, -43.3154, -0.0642509, 44.3534)

[node name="Box14" parent="Box1" instance=ExtResource("2_3qe5u")]
transform = Transform3D(0.390731, 0, 0.920505, 0, 1, 0, -0.920505, 0, 0.390731, -42.9055, -0.0642509, 47.7508)
